
### cmp_universe_overlap  (1 rows)
 tej_securities  also_in_fm_unadjusted  also_in_fm_adjusted  tej_stopped_trading  stopped_in_fm_unadjusted  stopped_in_fm_adjusted  fm_adjusted_not_in_tej  fm_unadjusted_not_in_tej
           2453                   2351                 2188                  462                       360                     197                     966                      1263

### cmp_coverage_by_year  (27 rows)
 year  tej_listed_rows  tej_listed_securities  in_fm_unadjusted_securities  in_fm_adjusted_securities  fm_unadjusted_row_pct  fm_adjusted_row_pct
 2000            72840                    831                          493                        493                  58.56                58.46
 2001           214366                    937                          592                        591                  60.51                60.47
 2002           241941                   1059                          734                        734                  67.66                67.60
 2003           263875                   1121                         1000                        908                  79.52                76.24
 2004           283493                   1194                         1146                       1058                  95.02                88.51
 2005           292031                   1229                         1223                       1115                  99.20                91.87
 2006           300381                   1243                         1235                       1155                  99.09                93.40
 2007           301041                   1273                         1263                       1207                  87.50                84.50
 2008           312566                   1285                         1274                       1223                  99.20                95.61
 2009           320638                   1309                         1304                       1259                  99.37                96.20
 2010           330372                   1360                         1354                       1315                  99.33                96.42
 2011           341407                   1442                         1434                       1391                  99.41                96.49
 2012           362467                   1491                         1485                       1444                  99.55                96.84
 2013           366183                   1537                         1535                       1495                  99.80                97.34
 2014           382084                   1577                         1576                       1537                  99.78                97.30
 2015           385847                   1619                         1618                       1580                  99.74                97.66
 2016           395610                   1663                         1662                       1632                  99.82                98.20
 2017           406974                   1684                         1684                       1661                  99.87                98.68
 2018           417640                   1730                         1730                       1715                  99.87                99.14
 2019           416486                   1748                         1748                       1741                  99.90                99.62
 2020           424618                   1762                         1762                       1760                  99.90                99.86
 2021           428200                   1775                         1770                       1770                  99.70                99.70
 2022           436690                   1808                         1805                       1805                  99.78                99.78
 2023           431253                   1833                         1832                       1832                  99.69                99.69
 2024           447988                   1891                         1889                       1889                  99.74                99.74
 2025           464161                   1956                         1956                       1956                  99.88                99.88
 2026           337193                   1995                         1995                       1995                  99.85                99.84

### cmp_overlap_size  (1 rows)
 overlap_rows  securities first_date  last_date
      9407692        2188 2000-09-04 2026-09-16

### cmp_level_by_year  (27 rows)
 year      n  close_within_1c_pct  close_within_10bp_pct  median_rel_diff_pct  p95_rel_diff_pct
 2000  42579                11.77                   7.73             19.26055           310.217
 2001 129621                13.62                   9.26             16.43902           321.826
 2002 163562                27.85                  22.41              9.29480           330.528
 2003 201167                41.26                  34.24              0.44065           289.736
 2004 250923                39.28                  34.63              0.46957           299.771
 2005 268286                40.62                  35.28              0.41592           299.772
 2006 280896                38.82                  35.96              0.33576           256.071
 2007 286028                39.58                  45.01              0.12771           121.801
 2008 328646                53.62                  54.29              0.07928            86.639
 2009 335141                58.96                  59.86              0.06371            61.004
 2010 351737                55.47                  64.70              0.04818            30.398
 2011 364742                61.36                  68.57              0.03692            18.061
 2012 382660                67.70                  72.85              0.02632            10.272
 2013 387416                69.68                  76.12              0.01993             7.313
 2014 400013                69.65                  79.05              0.01377             6.426
 2015 407994                73.89                  80.97              0.00875             7.315
 2016 417526                76.85                  83.24              0.00459             6.492
 2017 429829                76.78                  84.90              0.00348             5.221
 2018 439055                78.64                  86.50              0.00080             4.070
 2019 435714                81.27                  88.37              0.00035             3.003
 2020 446445                82.52                  89.65              0.00030             2.774
 2021 449811                81.37                  90.72              0.00019             2.605
 2022 459784                83.83                  91.15              0.00016             2.978
 2023 453632                85.25                  91.97              0.00012             2.132
 2024 470970                86.37                  93.29              0.00008             1.300
 2025 482949                91.71                  95.09              0.00006             0.083
 2026 340566                95.74                  96.83              0.00001             0.018

### cmp_latest_common_date  (1 rows)
      date    n  exact_close  within_1c  off_by_more_than_10bp
2026-09-16 1978         1943       1944                     35

### cmp_return_agreement  (4 rows)
             segment  both_days_traded       n  agree_within_10bp_pct  disagree_gt_1pct  correlation
      emerging (REG)              True  391350                99.5222              1677     0.999817
      emerging (REG)             False  128061                99.4768               546     0.228442
listed (TSE/OTC/TIB)              True 8679582                99.9617              2845     0.996321
listed (TSE/OTC/TIB)             False  165880                90.7662              7163     0.283403

### cmp_disagreement_causes  (5 rows)
                                                                     cause  days  securities  median_abs_raw_return_pct  median_abs_tej_return_pct  median_abs_fm_return_pct  tej_beyond_limit  fm_beyond_limit
                             A no-trade day (FinMind unadjusted close = 0)  7163         401                     100.00                       2.63                      0.00               215              819
B pipeline: adjustment bases mixed (stale snapshot, or not yet re-fetched)    10          10                       1.35                       0.67                      2.13                 0                0
                              C FinMind left a corporate action unadjusted  2806         864                       7.05                       2.52                      7.05                27             1328
              D FinMind adjusted where the unadjusted price shows no event    20          20                       3.79                       3.79                      9.91                 2               11
                                     E both adjusted, by different amounts     9           9                       2.24                       1.18                      2.55                 1                1

### cmp_disagreement_causes_by_year  (27 rows)
 year   A  B   C  D  E
 2000   0  0 105  0  0
 2001   0  0 564  0  0
 2002   0  0 562  0  0
 2003   1  0 209  1  0
 2004  27  0 306  3  0
 2005 217  0 337  0  2
 2006 208  0 353  1  1
 2007 117  0 364  0  0
 2008 447  0   0  0  2
 2009 243  0   0  0  0
 2010  92  0   2  0  0
 2011 337  0   1  0  1
 2012 532  0   1  0  0
 2013 338  0   0  0  1
 2014 311  0   0  0  0
 2015 495  0   0  0  0
 2016 442  0   0  0  0
 2017 363  0   0  0  0
 2018 501  0   0  0  1
 2019 407  0   1  0  1
 2020 308  0   0  0  0
 2021 183  0   0  0  0
 2022 292  0   0  1  0
 2023 166  0   0  0  0
 2024 124  0   1  8  0
 2025 281  0   0  5  0
 2026 731 10   0  1  0

### cmp_unadjusted_actions_by_market_year  (27 rows)
 year  tse_unadjusted_breaches  tse_still_in_fm  tse_still_in_tej  otc_unadjusted_breaches  otc_still_in_fm  otc_still_in_tej
 2000                       16               16                 4                        8                8                 1
 2001                      191              191                14                       74               74                 6
 2002                      157              157                10                       70               70                 1
 2003                      174               16                12                      107              107                 1
 2004                      245               11                 7                      187              187                 1
 2005                      257                1                 1                      187              187                 2
 2006                      221                0                 0                      192              192                 0
 2007                      180               16                16                      201              200                49
 2008                      319               15                15                      249               24                24
 2009                      140               19                19                      137               34                34
 2010                      149                7                 7                      105               26                26
 2011                      233               22                22                      192               45                45
 2012                      157               14                14                      166               36                36
 2013                      116               19                19                      123               23                23
 2014                      107                6                 6                      118               31                31
 2015                       72                6                 6                       76               22                22
 2016                       48               21                21                       53               29                29
 2017                       35               10                10                       42               15                15
 2018                       42               16                16                       48               14                14
 2019                       34                5                 5                       41                9                 9
 2020                       37                8                 8                       41               13                13
 2021                       48                5                 5                       41                9                 9
 2022                       93                7                 7                       78               15                15
 2023                       41                9                 9                       45                4                 4
 2024                       54               13                13                       51               24                24
 2025                       58               19                19                       70               31                31
 2026                       62               15                15                       56               16                16

### cmp_no_trade_disagreements  (1 rows)
 days  fm_flat  tej_at_limit  tej_beyond_limit  fm_beyond_limit
 7163     3816          1614               215              819

### cmp_halt_resumptions  (1 rows)
 resumptions  sources_disagree  unadjusted_jump_gt_25pct  tej_removed_jump  fm_removed_jump  fm_left_unadjusted
       37540               321                       818               662              405                 413

### cmp_finmind_spurious_adjustments  (20 rows)
stock_id stock_name       date market  raw_pct  tej_pct  fm_pct  fm_ticker_pct
    6949    沛爾生醫*-創 2024-03-11    TIB     0.49     0.49  -95.03         -95.03
    2025         千興 2004-02-12    TSE    -6.21    -6.21  -99.91         -99.91
    6240         松崗 2003-06-02    OTC    -6.75    -6.75  -65.65         -65.65
    6965      中傑-KY 2025-03-10    TSE    -4.00    -4.00  -15.18         -15.18
    6924     榮惠-KY創 2024-12-04    TIB    -0.51    -0.51  -11.65         -11.65
    6887     寶綠特-KY 2025-03-11    TSE     0.00     0.00  -10.84         -10.84
    6957      裕慶-KY 2024-06-26    TSE    -5.83    -5.83  -16.25         -16.25
    8077         洛碁 2004-12-07    OTC    -4.39    -4.39  -12.62         -12.62
    6962      奕力-KY 2024-11-27    TSE    -0.52    -0.52   -7.55          -7.55
    6862     三集瑞-KY 2024-10-24    TSE   -13.71   -13.71  -19.48         -19.48
    3313         斐成 2006-05-30    OTC    13.21    13.21    7.62           7.62
    3716       中化控股 2024-09-03    TSE    -3.47    -3.47   -8.98          -8.98
    8349         恒耀 2025-06-27    OTC     0.19     0.19    4.11           4.11
    1734         杏輝 2026-07-24    TSE    -3.53    -3.53   -0.48          -0.48
    6988      威力暘-創 2024-10-24    TIB    -3.59    -3.59   -6.00          -6.00
    7749      意騰-KY 2025-06-16    TSE    -8.98    -8.98  -11.02         -11.02
    3717       聯嘉投控 2025-08-18    TSE    -2.74    -2.74   -4.78          -4.78
    6854   錼創科技-KY創 2022-08-19    TIB     9.96     9.96    7.98           7.98
    8084         巨虹 2004-03-09    OTC     6.54     6.54    4.76           4.76
    6969    成信實業*-創 2024-09-10    TIB     0.00     0.00   -1.32          -1.32

### cmp_beyond_limit  (1 rows)
      n  unadjusted_beyond_limit  fm_processed_beyond_limit  fm_ticker_beyond_limit  tej_beyond_limit  fm_processed_gt_50pct  fm_ticker_gt_50pct  tej_gt_50pct
8673024                     6069                       2141                    2141               851                      4                   4             4

### cmp_beyond_limit_by_year  (27 rows)
 year      n  unadjusted  fm_processed  fm_ticker  tej
 2000  39611          24            24         24    7
 2001 128478         265           265        265   22
 2002 162025         227           227        227   16
 2003 198516         281           123        123   15
 2004 246413         432           199        199   10
 2005 260829         444           188        188    4
 2006 272375         413           193        193    2
 2007 249340         381           217        217   69
 2008 289213         568            41         41   41
 2009 301439         277            56         56   56
 2010 313847         254            35         35   36
 2011 322457         425            67         67   67
 2012 341431         323            50         50   50
 2013 347385         239            44         44   44
 2014 363549         225            39         39   39
 2015 366564         148            29         29   29
 2016 375671         101            50         50   50
 2017 390247          77            28         28   28
 2018 399932          90            31         31   31
 2019 401322          75            15         15   15
 2020 413641          78            21         21   21
 2021 418709          89            17         17   17
 2022 424611         171            22         22   22
 2023 421842          92            20         20   20
 2024 440437         112            46         46   46
 2025 453264         131            53         53   53
 2026 329876         127            41         41   41

### cmp_tej_beyond_limit_sample  (40 rows)
stock_id stock_name       date market  raw_pct  tej_pct  fm_pct  fm_ticker_pct
    2719        燦星旅 2012-02-24    OTC    77.78    77.78   77.78          77.78
    6225         天瀚 2026-08-18    TSE     9.91    62.45   62.43          62.43
    8279         生展 2016-09-26    OTC    62.42    62.42   62.42          62.42
    6593       台灣銘板 2017-11-06    OTC    58.00    58.00   58.00          58.00
    6533        晶心科 2017-03-14    TSE    47.55    47.55   47.55          47.55
    3303         岱稜 2007-05-28    OTC    47.44    47.44   47.44          47.44
    2429        銘旺科 2024-07-02    TSE     9.90    46.66   46.62          46.62
    7855       和運租車 2026-08-11    TSE   -46.65   -46.65  -46.65         -46.65
    6199         天品 2016-03-18    OTC    45.33    45.33   45.33          45.33
    3684         榮昌 2014-04-01    OTC    43.64    43.64   43.64          43.64
    2254     巨鎧精密-創 2023-10-25    TIB    43.54    43.54   43.54          43.54
    2754      亞洲藏壽司 2020-09-17    OTC   -43.16   -43.16  -43.16         -43.16
    7810       捷創科技 2025-12-24    OTC    41.29    41.29   41.29          41.29
    2358         廷鑫 2002-11-21    TSE    -5.11   -41.20   -5.11          -5.11
    6925         意藍 2025-05-29    OTC    38.37    38.37   38.37          38.37
    6592       和潤企業 2019-12-09    TSE   -36.17   -36.17  -36.17         -36.17
  911608      明輝-DR 2019-01-18    TSE     5.92    34.16   33.06          33.06
    7818       溢泰實業 2026-05-18    TSE   -33.54   -33.54  -33.54         -33.54
    6560        欣普羅 2017-01-24    OTC    33.21    33.21   33.21          33.21
    6199         天品 2016-02-03    OTC    32.65    32.65   32.65          32.65
    6577         勁豐 2017-03-21    OTC   -31.44   -31.44  -31.44         -31.44
    4729         熒茂 2009-02-25    OTC    31.34    31.34   31.34          31.34
    8289         泰藝 2008-04-25    OTC    31.25    31.25   31.25          31.25
    6637         醫影 2024-06-19    OTC    31.10    31.10   31.10          31.10
    3630        新鉅科 2010-04-29    OTC    31.07    31.07   31.07          31.07
    1784         訊聯 2007-07-26    OTC    31.03    31.03   31.03          31.03
    7711         永擎 2025-11-19    TSE   -31.02   -31.02  -31.02         -31.02
    1752         南光 2009-08-10    OTC   -30.97   -30.97  -30.97         -30.97
    6776       展碁國際 2021-03-31    TSE    30.28    30.28   30.28          30.28
    4911         德英 2011-03-21    OTC   -30.20   -30.20  -30.20         -30.20
    3564         其陽 2013-12-03    OTC    29.91    29.91   29.91          29.91
    6581         鋼聯 2018-01-31    TSE    29.82    29.82   29.82          29.82
    2254     巨鎧精密-創 2023-10-20    TIB   -29.41   -29.41  -29.41         -29.41
  910482     聖馬丁-DR 2017-06-19    TSE     0.00    29.31   29.31          29.31
    6831         邁科 2025-11-26    TSE    28.57    28.57   28.57          28.57
    6517       保勝光學 2022-12-15    OTC    28.51    28.51   28.51          28.51
    3562        頂晶科 2017-03-16    OTC     0.00    28.44   28.44          28.44
    2061         風青 2010-12-09    OTC    -9.31   -28.19   -9.31          -9.31
    4747        強生* 2013-12-25    OTC    28.04    28.04   28.04          28.04
    3521       台鋼建設 2007-08-07    OTC   -27.89   -27.89  -27.89         -27.89

### cmp_total_return_gap  (2 rows)
               pair  securities  within_1pct  gap_1_to_10pct  gap_10_to_50pct  gap_over_50pct
fm processed vs tej        2101         1155             171              558             217
   fm ticker vs tej        2101         1155             171              558             217

### cmp_total_return_gap_since_2008  (1 rows)
 securities  within_1pct  gap_1_to_10pct  gap_over_10pct  median_gap_pct
       2074         1935              66              73          0.0292

### cmp_tej_suspicious  (48 rows)

### cmp_tej_suspicious_summary  (1 rows)
 tej_breach_while_unadjusted_within_limit  finmind_ticker_also_breaches  only_tej_breaches
                                       48                            30                 18

### cmp_stale_market_snapshots  (1 rows)
 rows_in_both  securities  rows_market_differs  securities_affected first_market_day last_market_day
        44984        2827                 1046                  319       2026-08-21      2026-09-11

### cmp_finmind_zero_price_by_year  (33 rows)
 year  n_rows  close_is_zero  zero_price_with_volume  zero_pct
 1994   14319              0                       0     0.000
 1995   60576              0                       0     0.000
 1996   71448              4                       0     0.006
 1997   81099              0                       0     0.000
 1998   86256              0                       0     0.000
 1999   98821              0                       0     0.000
 2000  116658              0                       0     0.000
 2001  130384              0                       0     0.000
 2002  164375              0                       0     0.000
 2003  210548           1025                       6     0.487
 2004  270309           2383                     230     0.882
 2005  296647           4740                     649     1.598
 2006  305901           5641                     963     1.844
 2007  331686          17985                     592     5.422
 2008  382166          30564                     846     7.998
 2009  384308          21755                     638     5.661
 2010  404746          18467                     660     4.563
 2011  424820          24841                     989     5.847
 2012  444564          28285                    1352     6.362
 2013  449151          23239                    1431     5.174
 2014  463993          18840                    1414     4.060
 2015  471835          21507                    1536     4.558
 2016  484530          22440                    1936     4.631
 2017  504737          17908                    2008     3.548
 2018  524226          20440                    2205     3.899
 2019  536423          20311                    2546     3.786
 2020  563905          17896                    1879     3.174
 2021  569140          12928                    1856     2.271
 2022  588424          16085                    3018     2.734
 2023  583915          10255                    2407     1.756
 2024  616392          10800                    1898     1.752
 2025  643323          12002                    3407     1.866
 2026  471803           6978                    2023     1.479

### cmp_no_trade_day_rule  (1 rows)
 no_trade_days_at_factor_1  fm_carries_last_close  tej_equals_last_close  tej_moved_to_bid  tej_moved_to_offer  tej_other
                      9456                   8995                   9454                 0                   1          1

### cmp_tej_zero_volume_rows  (5 rows)
market  n_rows  zero_volume_rows  zero_volume_pct
   TSE 5320354             40580            0.763
   OTC 4063400            104351            2.568
   REG  702276            191015           27.199
   TIB   14481               191            1.319
   PSB    1165               318           27.296

### cmp_activity_by_year  (27 rows)
 year      n  volume_off_gt_1000_shares_pct  turnover_off_gt_1000_ntd_pct  transactions_differ_pct
 2000  42579                         19.651                        20.271                    0.355
 2001 129621                         23.627                        24.099                    0.478
 2002 163562                         27.750                        28.055                    0.294
 2003 201167                         15.921                        16.073                    0.004
 2004 250923                          0.000                         0.000                    0.000
 2005 268286                          0.001                         0.001                    0.001
 2006 280896                          0.001                         0.002                    0.005
 2007 286028                          0.534                         0.540                    0.008
 2008 328646                          0.000                         0.003                    0.009
 2009 335141                          0.001                         0.002                    0.006
 2010 351737                          0.001                         0.003                    0.005
 2011 364742                          0.000                         0.000                    0.000
 2012 382660                          0.000                         0.000                    0.000
 2013 387416                          0.007                         0.013                    0.023
 2014 400013                          0.007                         0.062                    0.065
 2015 407994                          0.043                         0.129                    0.155
 2016 417526                          0.003                         0.007                    0.009
 2017 429829                          0.000                         0.000                    0.000
 2018 439055                          0.000                         0.000                    0.000
 2019 435714                          0.000                         0.000                    0.000
 2020 446445                          0.119                         0.319                    0.396
 2021 449811                          0.000                         0.000                    0.000
 2022 459784                          0.000                         0.000                    0.000
 2023 453632                          0.000                         0.000                    0.000
 2024 470970                          0.000                         0.000                    0.000
 2025 482949                          0.000                         0.000                    0.000
 2026 340566                          0.001                         0.001                    0.001

### cmp_volume_mismatch_shape  (2 rows)
           period  mismatched_rows  fm_larger_pct  ratio_p25  ratio_median  ratio_p75
before 2004-02-11           116407           0.28      0.001         0.001     0.0010
  from 2004-02-11             2320           1.25      0.001         0.001     0.9894

### cmp_volume_unit_error  (8 rows)
 year      n  fm_volume_is_1_1000th  fm_turnover_is_1_1000th  volume_pct
 2000  42579                   8244                     7853       19.36
 2001 129621                  30072                    28694       23.20
 2002 163562                  44292                    43822       27.08
 2003 201167                  31450                    31190       15.63
 2004 250923                      0                        0        0.00
 2005 268286                      0                        0        0.00
 2006 280896                      0                        0        0.00
 2007 286028                   1511                     1508        0.53

### cmp_volume_unit_error_sample  (10 rows)
stock_id stock_name       date  tej_volume_shares  fm_volume  tej_turnover_ntd  fm_turnover  fm_unadjusted_close  fm_implied_price
    2317         鴻海 2001-03-05          3684000.0    3684520       702631000.0    702631418                192.0            190.70
    2317         鴻海 2001-03-06          4638000.0    4638413       903881000.0    903881977                193.0            194.87
    2317         鴻海 2001-03-07         10054000.0   10054194      2021558000.0   2021558456                203.0            201.07
    2317         鴻海 2001-03-08          4637000.0    4637688       926296000.0    926296810                199.0            199.73
    2317         鴻海 2001-03-09          2526000.0    2526803       496699000.0    496699994                198.0            196.57
    2330        台積電 2001-03-05         24460000.0   24460972      2063452000.0   2063452503                 84.5             84.36
    2330        台積電 2001-03-06         33996000.0   33996272      2996954000.0   2996954804                 88.5             88.16
    2330        台積電 2001-03-07         41039000.0   41039324      3775025000.0   3775025370                 92.0             91.99
    2330        台積電 2001-03-08         15516000.0   15516444      1403831000.0   1403831250                 90.5             90.47
    2330        台積電 2001-03-09         15996000.0   15996398      1404477000.0   1404477257                 88.0             87.80

### cmp_finmind_2007_hole  (36 rows)
  month market  tej_rows  missing_in_finmind  tej_days  finmind_days
2006-10    OTC     10475                 157        20            20
2006-10    TSE     13845                  63        20            20
2006-11    OTC     11580                 205        22            22
2006-11    TSE     15258                  74        22            22
2006-12    OTC     11074                 136        21            21
2006-12    TSE     14526                  36        21            21
2007-01    OTC     11604               11361        22            22
2007-01    TSE     15150                  16        22            22
2007-02    OTC      6334                6202        12            12
2007-02    TSE      8250                   9        12            12
2007-03    OTC     12156               11529        23            23
2007-03    TSE     15793                  70        23            23
2007-04    OTC     10586                6924        20            20
2007-04    TSE     13702                  31        20            20
2007-05    OTC     11629                 153        22            22
2007-05    TSE     15023                  10        22            22
2007-06    OTC     10602                 130        20            20
2007-06    TSE     13649                   8        20            20
2007-07    OTC     11691                 132        22            22
2007-07    TSE     15005                   7        22            22
2007-08    OTC     12248                 138        23            23
2007-08    TSE     15703                  24        23            23
2007-09    OTC      9557                  97        18            18
2007-09    TSE     12300                   6        18            18
2007-10    OTC     11797                 170        22            22
2007-10    TSE     15066                  75        22            22
2007-11    OTC     11929                 215        22            22
2007-11    TSE     15160                  34        22            22
2007-12    OTC     11477                 257        21            21
2007-12    TSE     14630                  44        21            21
2008-01    OTC     11957                 236        22            22
2008-01    TSE     15523                  21        22            22
2008-02    OTC      7576                 146        14            14
2008-02    TSE      9965                  40        14            14
2008-03    OTC     11349                 242        21            21
2008-03    TSE     14980                  36        21            21

### cmp_tej_internal_return_check  (2 rows)
 segment       n  return_null  matches_within_5bp_pct  differs_gt_1pct
emerging  699219            0                 99.7547              408
  listed 9358958            0                 99.7915             2788

### cmp_tej_internal_return_sample  (27 rows)
 year  rows_differ_gt_1pct  on_zero_volume_days  tej_return_field_is_zero
 2000                   11                    0                         0
 2001                  140                    2                         0
 2002                  255                    2                         4
 2003                  261                    2                         6
 2004                  252                    0                         4
 2005                  213                    0                         3
 2006                  201                    0                         1
 2007                  239                    0                         3
 2008                  214                    1                         0
 2009                   50                    0                         0
 2010                   49                    0                         2
 2011                   77                    0                         6
 2012                   64                    0                         2
 2013                   57                    1                         1
 2014                   51                    1                         1
 2015                   58                    0                         8
 2016                   53                    0                         0
 2017                   41                    1                         0
 2018                   64                    1                         0
 2019                   46                    0                         0
 2020                   36                    0                         2
 2021                   47                    0                         0
 2022                   59                    3                         3
 2023                   43                    0                         0
 2024                   73                    0                         0
 2025                   78                    0                         0
 2026                   56                    2                         2

### case_6669_stale_basis  (28 rows)
      date       tej  fm_processed   fm_ticker  fm_unadjusted fm_source
2026-08-10 2014.8826   2014.889145 2014.889145         6010.0    ticker
2026-08-11 1988.0622   1988.068657 1988.068657         5930.0    ticker
2026-08-12 2019.9114   2019.917986 2019.917986         6025.0    ticker
2026-08-13 2034.9979   2035.004511 2035.004511         6070.0    ticker
2026-08-14 2157.3659   2157.372986 2157.372986         6435.0    ticker
2026-08-17 2219.3881   2219.395364 2219.395364         6620.0    ticker
2026-08-18 2145.6320   2145.639023 2145.639023         6400.0    ticker
2026-08-19 2137.2506   2137.257620 2137.257620         6375.0    ticker
2026-08-20 2120.4879   2120.494815 2120.494815         6325.0    ticker
2026-08-21 2097.0200   2097.026889 2097.026889         6255.0    ticker
2026-08-24 2112.1065   2112.113413 2112.113413         6300.0    ticker
2026-08-25 2159.0422   2159.049267 2159.049267         6440.0    ticker
2026-08-26 2274.7052   2274.712620 2274.712620         6785.0    ticker
2026-08-27 2284.7628   2284.770303 2284.770303         6815.0    ticker
2026-08-28 2413.8360   2413.843901 2413.843901         7200.0    ticker
2026-08-31 2378.6342   2378.642010 2378.642010         7095.0    ticker
2026-09-01 2614.9890   2614.997559 2614.997559         7800.0    ticker
2026-09-02 2610.0000   2610.000000 2610.000000         2610.0    ticker
2026-09-03 2475.0000   2475.000000 2475.000000         2475.0    ticker
2026-09-04 2565.0000   2565.000000 2565.000000         2565.0    ticker
2026-09-07 2490.0000   2490.000000 2490.000000         2490.0    ticker
2026-09-08 2340.0000   2340.000000 2340.000000         2340.0    ticker
2026-09-09 2325.0000   2325.000000 2325.000000         2325.0    ticker
2026-09-10 2345.0000   2345.000000 2345.000000         2345.0    ticker
2026-09-11 2310.0000   2310.000000 2310.000000         2310.0    ticker
2026-09-14 2270.0000   2270.000000 2270.000000         2270.0    market
2026-09-15 2315.0000   2315.000000 2315.000000         2315.0    market
2026-09-16 2165.0000   2165.000000 2165.000000         2165.0    market

### case_2540_capital_reduction  (898 rows)

### case_largest_disagreements  (24 rows)
                                                                     cause stock_id stock_name       date  raw_pct  tej_pct  fm_pct  fm_ticker_pct
B pipeline: adjustment bases mixed (stale snapshot, or not yet re-fetched)     4763     材料*-KY 2026-09-14     1.02     1.02   -5.38          -5.38
B pipeline: adjustment bases mixed (stale snapshot, or not yet re-fetched)     8423      保綠-KY 2026-09-14    -3.54     0.28   -3.54          -3.54
B pipeline: adjustment bases mixed (stale snapshot, or not yet re-fetched)     6924     榮惠-KY創 2026-09-14     0.71     0.71   -1.77          -1.77
B pipeline: adjustment bases mixed (stale snapshot, or not yet re-fetched)     5243      乙盛-KY 2026-09-14    -3.68    -1.26   -3.68          -3.68
B pipeline: adjustment bases mixed (stale snapshot, or not yet re-fetched)     2530         華建 2026-09-14     2.49     4.89    2.49           2.49
B pipeline: adjustment bases mixed (stale snapshot, or not yet re-fetched)     1599        宏佳騰 2026-09-14     0.64     0.64   -1.51          -1.51
                              C FinMind left a corporate action unadjusted     6188         廣明 2003-07-11   -48.68     6.75  -48.68         -48.68
                              C FinMind left a corporate action unadjusted     8076         伍豐 2007-07-31   -40.20     6.84  -40.20         -40.20
                              C FinMind left a corporate action unadjusted     5452         佶優 2003-09-17   -36.40     6.87  -36.40         -36.40
                              C FinMind left a corporate action unadjusted     1781         合世 2005-07-14   -35.22     6.95  -35.22         -35.22
                              C FinMind left a corporate action unadjusted     6244         茂迪 2006-09-01   -37.36     4.78  -37.36         -37.36
                              C FinMind left a corporate action unadjusted     2449       京元電子 2001-05-25   -34.77     6.87  -34.77         -34.77
              D FinMind adjusted where the unadjusted price shows no event     6949    沛爾生醫*-創 2024-03-11     0.49     0.49  -95.03         -95.03
              D FinMind adjusted where the unadjusted price shows no event     2025         千興 2004-02-12    -6.21    -6.21  -99.91         -99.91
              D FinMind adjusted where the unadjusted price shows no event     6240         松崗 2003-06-02    -6.75    -6.75  -65.65         -65.65
              D FinMind adjusted where the unadjusted price shows no event     6965      中傑-KY 2025-03-10    -4.00    -4.00  -15.18         -15.18
              D FinMind adjusted where the unadjusted price shows no event     6924     榮惠-KY創 2024-12-04    -0.51    -0.51  -11.65         -11.65
              D FinMind adjusted where the unadjusted price shows no event     6887     寶綠特-KY 2025-03-11     0.00     0.00  -10.84         -10.84
                                     E both adjusted, by different amounts     1442         名軒 2008-09-16     2.24     0.22    4.34           4.34
                                     E both adjusted, by different amounts     3454         晶睿 2011-07-27    -4.99     1.18    4.19           4.19
                                     E both adjusted, by different amounts     2849        安泰銀 2006-02-09     0.66    -0.65    1.99           1.99
                                     E both adjusted, by different amounts     6494         九齊 2018-06-28    -2.05     0.82   -1.38          -1.38
                                     E both adjusted, by different amounts     2834        臺企銀 2005-04-21     5.53     4.64    6.44           6.44
                                     E both adjusted, by different amounts     2396         精碟 2005-07-28     0.00    -0.63    0.64           0.64

### cmp_disagreement_top_securities  (12 rows)
stock_id stock_name market  days  c_days  d_days  e_days  first_day   last_day
    2301        光寶科    TSE   306     306       0       0 2000-09-05 2002-10-21
    4535         至興    OTC    10      10       0       0 2003-07-09 2007-08-15
    2442        新美齊    TSE    10      10       0       0 2000-11-30 2002-05-07
    6154         順發    OTC    10      10       0       0 2002-07-09 2007-09-20
    4506         崇友    OTC    10      10       0       0 2000-09-13 2007-09-17
    5013         強新    OTC    10      10       0       0 2001-07-16 2007-08-09
    5498         凱崴    OTC     9       9       0       0 2001-05-16 2007-06-21
    4417         金洲    OTC     8       8       0       0 2000-11-09 2007-08-02
    5519         隆大    OTC     8       8       0       0 2003-10-09 2007-08-14
    5488         松普    OTC     8       8       0       0 2001-06-15 2007-09-14
    8924         大田    OTC     8       8       0       0 2001-07-19 2007-06-13
    8941         關中    OTC     8       8       0       0 2003-06-10 2007-07-31
